42.47186
46.05227
-24.49287
28.91759
-10.24033
4.315117
-7.474873
-0.1931381
-0.03198051
7.516178
-5.56024
3.779644
0.8923359
33.65429
38.17885
-18.74553
24.74243
-9.102867
3.343262
-4.148478
1.063204
-0.8371773
6.88262
-3.360886
5.097607
0.3805714
37.74149
47.43932
-15.13634
17.40924
-12.69961
11.15126
-6.239664
0.8531265
-6.256569
10.76247
-1.05423
3.721954
-1.52507
44.35394
47.23668
-26.63042
26.61385
-14.14544
6.041239
-0.3115482
-5.024483
-6.814577
12.01256
-7.455076
3.50581
0.8079395
37.4944
43.50584
-18.17608
28.31214
-10.20527
2.549402
-7.079044
-2.301029
-0.9478531
9.42162
-6.630724
5.515491
0.3804379
37.6548
41.27427
-22.47044
27.37934
-7.724632
4.493862
-6.942873
-2.220606
-0.9564342
7.547861
-4.038332
3.938585
0.5354786
35.64147
42.45609
-17.38289
19.59189
-8.731956
8.207952
-10.45213
3.520409
-3.469604
3.530487
-2.507431
4.461807
1.139877
43.61127
45.93216
-26.00532
32.74349
-13.09947
1.953335
-2.041443
-2.809164
-0.9470367
10.73019
-7.105057
7.713444
0.3111401
41.27737
43.34587
-25.19168
28.93084
-11.17919
2.17037
-4.863392
-2.283344
-0.7197685
7.850481
-6.169085
6.240425
0.8117313
28.06406
36.24734
-14.23223
12.48283
-4.256308
11.53206
-12.63301
1.534229
-2.470724
4.554882
0.02897072
2.486814
0.4460564
