10.55122
18.40086
-28.58879
32.45337
9.163307
17.09499
7.984571
-0.8698273
5.532835
6.898846
-7.702872
-2.608789
1.914541
15.73137
21.04893
-30.06044
29.9416
5.824671
15.58104
6.944891
0.3539066
6.157003
7.322493
-8.501787
-2.531612
1.949594
15.74439
21.70582
-27.69468
32.23067
4.953472
13.94201
7.794115
0.1665077
4.390207
6.218695
-9.136543
-0.515583
1.377035
12.41231
22.25333
-22.26439
25.53393
7.343901
18.01247
1.084366
3.531872
4.927334
6.185755
-5.140169
-4.136868
0.06125832
15.22935
21.81887
-28.09461
29.16101
6.117191
17.01831
4.444088
3.082033
3.450075
5.651329
-3.795473
-2.031425
0.07182503
18.00342
24.08322
-28.73922
29.9146
5.200216
18.0457
6.085869
-0.6723633
3.191303
8.390799
-7.689677
-3.454899
0.559473
13.19318
20.27323
-27.3737
31.44888
5.94141
15.91322
8.266512
-0.2608528
4.729315
9.02272
-7.886618
-2.023388
0.8482323
19.39442
23.4179
-34.96896
37.80347
6.33502
14.83766
9.619873
-2.439674
6.184572
9.312664
-9.140592
-2.44165
1.550404
18.10632
23.69593
-33.65292
34.16479
7.228426
17.55912
5.932413
-0.1936874
6.230684
8.183872
-6.287651
-3.081774
1.091309
12.60375
20.76657
-24.21473
33.83279
5.409821
14.07335
9.217894
-0.339222
4.599426
9.713592
-9.330165
-0.7835197
-0.02972412
