49.16122
46.43576
-39.67926
28.26499
-6.493219
13.21281
-5.432203
-1.164762
1.542915
5.378956
-3.947027
2.135448
2.683428
42.12959
41.50811
-33.32777
26.51465
-10.40781
8.20822
-2.101278
0.1992531
0.1542282
5.650354
-7.17465
0.7069225
0.2865963
40.22368
44.05914
-24.86373
23.69735
-5.939333
10.7748
-9.739983
3.41378
0.2587147
3.730371
-3.846577
-0.312645
0.3335094
39.47406
42.00214
-28.50646
21.93052
-7.965036
11.07758
-5.128069
2.514233
2.258766
6.000788
-5.94311
3.027813
1.380835
30.36055
36.9235
-18.19123
12.15254
-7.593805
13.89603
-4.555014
4.80389
-3.595079
4.272953
-0.7239342
1.651543
-0.5851727
32.04854
35.31102
-25.76897
16.79566
-4.369747
13.46299
-6.194841
3.802359
-0.2086353
3.05835
-0.9857578
-1.208216
1.327341
25.92343
34.05701
-12.95683
16.9421
-6.564186
9.838926
-2.731171
3.475643
-3.236338
5.197346
-3.969496
3.081873
-0.2489014
40.78444
43.53153
-29.67098
17.15862
-7.220654
17.46785
-6.002373
2.770639
-1.795017
4.51173
-2.558134
-0.9927101
0.4216976
39.64965
39.88274
-34.14611
22.90901
-2.914015
15.14308
-5.51568
-1.598885
1.526827
4.980417
-5.332098
-1.892765
2.074865
37.07266
38.43963
-31.3875
21.37144
-4.506699
16.01025
-1.688961
-3.513779
-1.808207
7.796764
-3.647678
-5.183512
1.084993
