26.19218
42.49879
-4.020823
20.64221
-6.436563
11.50018
-8.206076
8.324041
-5.188717
6.049427
-4.173275
3.956778
-4.81356
25.82718
42.45287
-3.136623
19.69125
-8.326275
10.30973
-7.791759
7.407742
-4.194368
8.195454
-6.273216
3.518448
-3.495609
30.61797
46.33253
-6.487173
32.21607
-9.927317
7.442293
0.8089867
0.7448044
-8.485577
13.59087
-8.258487
7.100146
-4.832392
36.92831
47.69373
-15.20953
27.49061
-9.022366
12.30352
-4.332525
3.845022
-6.051899
8.945089
-6.522156
3.742605
-3.403996
29.59706
44.19008
-8.85507
21.66476
-7.075512
14.04689
-6.347813
6.216923
-4.41913
8.307819
-7.683887
3.752979
-3.122269
33.34077
47.8068
-9.674665
25.97421
-8.603416
11.39182
-7.485106
4.606361
-6.277742
9.434431
-3.25115
3.592548
-5.309882
23.81496
42.61658
-0.757103
20.72508
-8.636759
9.570223
-4.944391
8.131052
-5.412859
8.923904
-5.824099
3.602055
-6.146364
30.04452
43.1461
-9.619572
23.92371
-4.853415
12.00546
-10.55953
3.871826
-4.912615
6.611277
-3.946106
3.759089
-3.476336
24.83755
39.97288
-5.186686
17.11879
-6.633043
12.81758
-6.905079
8.153633
-5.012024
5.705082
-4.885157
2.767126
-4.853279
28.31183
45.13416
-5.674227
25.25405
-3.915588
12.8714
-12.40296
3.833776
-3.386196
10.15
-5.348644
4.343987
-3.129227
